304.000000 
291.000000 
304.000000 
351.000000 
351.000000 
336.000000 
336.000000 
291.000000 
351.000000 
445.000000 
445.000000 
427.000000 
427.000000 
336.000000 
427.000000 
382.000000 
445.000000 
573.000000 
573.000000 
543.000000 
543.000000 
573.000000 
573.000000 
588.000000 
588.000000 
572.000000 
572.000000 
516.000000 
516.000000 
543.000000 
516.000000 
382.000000 
382.000000 
316.000000 
316.000000 
309.000000 
309.000000 
298.000000 
298.000000 
320.000000 
320.000000 
368.000000 
368.000000 
382.000000 
291.000000 
248.000000 
248.000000 
316.000000 
248.000000 
116.000000 
116.000000 
65.000000 
65.000000 
129.000000 
129.000000 
198.000000 
248.000000 
238.000000 
238.000000 
298.000000 
238.000000 
198.000000 
65.000000 
37.000000 
37.000000 
103.000000 
103.000000 
129.000000 
103.000000 
173.000000 
198.000000 
193.000000 
193.000000 
249.000000 
249.000000 
276.000000 
276.000000 
298.000000 
276.000000 
328.000000 
328.000000 
306.000000 
306.000000 
249.000000 
328.000000 
352.000000 
306.000000 
325.000000 
368.000000 
360.000000 
360.000000 
352.000000 
360.000000 
492.000000 
516.000000 
492.000000 
193.000000 
173.000000 
173.000000 
302.000000 
302.000000 
325.000000 
37.000000 
22.000000 
22.000000 
63.000000 
63.000000 
47.000000 
47.000000 
22.000000 
63.000000 
100.000000 
100.000000 
85.000000 
100.000000 
155.000000 
155.000000 
85.000000 
47.000000 
8.000000 
8.000000 
34.000000 
34.000000 
3.000000 
85.000000 
58.000000 
58.000000 
115.000000 
34.000000 
97.000000 
3.000000 
58.000000 
173.000000 
155.000000 
155.000000 
130.000000 
130.000000 
115.000000 
115.000000 
97.000000 
97.000000 
87.000000 
87.000000 
73.000000 
73.000000 
58.000000 
58.000000 
24.000000 
24.000000 
157.000000 
157.000000 
288.000000 
58.000000 
189.000000 
189.000000 
157.000000 
155.000000 
283.000000 
130.000000 
261.000000 
87.000000 
219.000000 
73.000000 
204.000000 
302.000000 
283.000000 
283.000000 
261.000000 
261.000000 
259.000000 
259.000000 
236.000000 
236.000000 
228.000000 
228.000000 
219.000000 
204.000000 
291.000000 
219.000000 
204.000000 
204.000000 
189.000000 
572.000000 
588.000000 
588.000000 
652.000000 
588.000000 
563.000000 
563.000000 
487.000000 
487.000000 
492.000000 
563.000000 
598.000000 
598.000000 
604.000000 
604.000000 
634.000000 
598.000000 
624.000000 
652.000000 
634.000000 
634.000000 
624.000000 
624.000000 
615.000000 
615.000000 
476.000000 
476.000000 
487.000000 
291.000000 
274.000000 
274.000000 
189.000000 
291.000000 
339.000000 
274.000000 
321.000000 
321.000000 
288.000000 
321.000000 
339.000000 
321.000000 
453.000000 
453.000000 
496.000000 
496.000000 
512.000000 
512.000000 
536.000000 
536.000000 
551.000000 
551.000000 
604.000000 
615.000000 
604.000000 
604.000000 
465.000000 
465.000000 
476.000000 
465.000000 
460.000000 
460.000000 
598.000000 
598.000000 
604.000000 
598.000000 
551.000000 
512.000000 
478.000000 
478.000000 
374.000000 
478.000000 
501.000000 
501.000000 
536.000000 
496.000000 
358.000000 
358.000000 
228.000000 
358.000000 
366.000000 
366.000000 
236.000000 
358.000000 
339.000000 
366.000000 
374.000000 
374.000000 
388.000000 
388.000000 
324.000000 
324.000000 
259.000000 
324.000000 
357.000000 
357.000000 
372.000000 
372.000000 
283.000000 
388.000000 
414.000000 
414.000000 
372.000000 
414.000000 
551.000000 
414.000000 
460.000000 
116.000000 
16.000000 
453.000000 
593.000000 
573.000000 
603.000000 
157.000000 
125.000000 
453.000000 
426.000000 
604.000000 
653.000000 
598.000000 
652.000000 
116.000000 
152.000000 
593.000000 
649.000000 
352.000000 
325.000000 
