2.000000 
41.000000 
2.000000 
9.000000 
9.000000 
56.000000 
56.000000 
41.000000 
9.000000 
38.000000 
38.000000 
88.000000 
88.000000 
56.000000 
88.000000 
200.000000 
38.000000 
90.000000 
90.000000 
176.000000 
176.000000 
187.000000 
187.000000 
216.000000 
216.000000 
267.000000 
267.000000 
246.000000 
246.000000 
176.000000 
246.000000 
200.000000 
200.000000 
177.000000 
177.000000 
200.000000 
200.000000 
207.000000 
207.000000 
224.000000 
224.000000 
242.000000 
242.000000 
200.000000 
41.000000 
153.000000 
153.000000 
177.000000 
153.000000 
107.000000 
107.000000 
251.000000 
251.000000 
272.000000 
272.000000 
296.000000 
153.000000 
188.000000 
188.000000 
207.000000 
188.000000 
296.000000 
251.000000 
328.000000 
328.000000 
347.000000 
347.000000 
272.000000 
347.000000 
371.000000 
296.000000 
311.000000 
311.000000 
328.000000 
328.000000 
262.000000 
262.000000 
207.000000 
262.000000 
279.000000 
279.000000 
344.000000 
344.000000 
328.000000 
279.000000 
286.000000 
344.000000 
354.000000 
242.000000 
262.000000 
262.000000 
286.000000 
262.000000 
307.000000 
246.000000 
307.000000 
311.000000 
371.000000 
371.000000 
417.000000 
417.000000 
354.000000 
328.000000 
371.000000 
371.000000 
385.000000 
385.000000 
426.000000 
426.000000 
371.000000 
385.000000 
397.000000 
397.000000 
439.000000 
397.000000 
418.000000 
418.000000 
439.000000 
426.000000 
536.000000 
536.000000 
545.000000 
545.000000 
648.000000 
439.000000 
508.000000 
508.000000 
527.000000 
545.000000 
572.000000 
648.000000 
681.000000 
371.000000 
418.000000 
418.000000 
484.000000 
484.000000 
527.000000 
527.000000 
572.000000 
572.000000 
599.000000 
599.000000 
641.000000 
641.000000 
681.000000 
681.000000 
768.000000 
768.000000 
816.000000 
816.000000 
867.000000 
681.000000 
729.000000 
729.000000 
816.000000 
418.000000 
464.000000 
484.000000 
527.000000 
599.000000 
642.000000 
641.000000 
685.000000 
417.000000 
464.000000 
464.000000 
527.000000 
527.000000 
542.000000 
542.000000 
600.000000 
600.000000 
622.000000 
622.000000 
642.000000 
685.000000 
709.000000 
642.000000 
685.000000 
685.000000 
729.000000 
267.000000 
274.000000 
274.000000 
294.000000 
274.000000 
347.000000 
347.000000 
323.000000 
323.000000 
307.000000 
347.000000 
358.000000 
358.000000 
341.000000 
341.000000 
351.000000 
358.000000 
369.000000 
294.000000 
351.000000 
351.000000 
369.000000 
369.000000 
391.000000 
391.000000 
347.000000 
347.000000 
323.000000 
709.000000 
759.000000 
759.000000 
729.000000 
709.000000 
722.000000 
759.000000 
778.000000 
778.000000 
867.000000 
778.000000 
722.000000 
778.000000 
827.000000 
827.000000 
716.000000 
716.000000 
672.000000 
672.000000 
606.000000 
606.000000 
563.000000 
563.000000 
582.000000 
391.000000 
425.000000 
425.000000 
376.000000 
376.000000 
347.000000 
376.000000 
391.000000 
391.000000 
439.000000 
439.000000 
425.000000 
439.000000 
563.000000 
672.000000 
658.000000 
658.000000 
625.000000 
658.000000 
595.000000 
595.000000 
606.000000 
716.000000 
668.000000 
668.000000 
622.000000 
668.000000 
649.000000 
649.000000 
600.000000 
668.000000 
722.000000 
649.000000 
625.000000 
625.000000 
588.000000 
588.000000 
567.000000 
567.000000 
542.000000 
567.000000 
546.000000 
546.000000 
496.000000 
496.000000 
464.000000 
588.000000 
514.000000 
514.000000 
496.000000 
514.000000 
563.000000 
514.000000 
391.000000 
107.000000 
74.000000 
827.000000 
879.000000 
90.000000 
11.000000 
816.000000 
899.000000 
827.000000 
898.000000 
582.000000 
595.000000 
439.000000 
462.000000 
107.000000 
9.000000 
879.000000 
722.000000 
286.000000 
354.000000 
